xxxx
10000000000000000000000000000000
0000000000000000
----
01000000100000000000000000000000
0000000000000000
----
xxxx
01000000100000000000000000000000
0000000000000000
0000000000000000
----
00100000010000000000000010000000
0000000000000000
0000000000000000
----
xxxx
00100000010000000000000010000000
0000000000000000
0000000000000000
0000000000000000
----
01001000101100000000000000000000
0000000000000000
0000000000000000
0000000000000000
----
xxxx
01001000101100000000000000000000
0000000000000000
0000000000000000
0000000000000000
0000000000000000
----
10111000010110000100000000000000
0000000000000000
0000000000000000
0000000000000000
0000000000000000
----
xxxx
10111000010110000100000000000000
0000000000000000
0000000000000000
0000000000000000
0000000000000000
0000000000000000
----
01111100001111100011100000000000
0000000000000000
0000000000000000
0000000000000000
0000000000000000
0000000000000000
----
xxxx
01111100001111100011100000000000
0000000000000000
0000000000000000
0000000000000000
0000000000000000
0000000000000000
0000000000000000
----
10111111111111110000100000101000
0000000000000000
0000000000000000
0000000000000000
0000000000000000
0000000000000000
0000000000000000
----
xxxx
10111111111111110000100000101000
0000000000000000
0000000000000000
0000000000000000
0000000000000000
0000000000000000
0000000000000000
0000000000000000
----
11111111111111111011000000011111
0000000000000000
0000000000000000
0000000001000000
0000000000000000
0000000000000000
0000000000000000
0000000000000000
----
xxxx
11111111111111111011000000011111
0000000000000000
0000000000000000
0000000001000000
0000000000000000
0000000000000000
0000000000000000
0000000000000000
0000000000000000
----
11111111111111111111111000110011
0000000000000000
0000000000000000
0100000000000000
0000000000000000
0000000000000000
0000000000000000
0000000000000000
0000000000000000
----
xxxx
11111111111111111111111000110011
0000000000000000
0000000000000000
0100000000000000
0000000000000000
0000000000000000
0000000000000000
0000000000000000
0000000000000000
0000000000000000
----
11111111111111110111101101111011
0000000000000000
0000000000000000
0000001000000010
0000000000111000
0010000000000000
0000000000000000
0000000000000000
0000000000000000
0000000000000000
----
xxxx
11111111111111110111101101111011
0000000000000000
0000000000000000
0000001000000010
0000000000111000
0010000000000000
0000000000000000
0000000000000000
0000000000000000
0000000000000000
0000000000000000
----
11111111111111110111101111111011
0000000000000000
0000000000000000
0000000000000000
1010001000000010
0000000000111000
0010000000001000
0000000000000000
0000000000000000
0000000000000000
0000000000000000
----
xxxx
11111111111111110111101111111011
0000000000000000
0000000000000000
0000000000000000
1010001000000010
0000000000111000
0010000000001000
0000000000000000
0000000000000000
0000000000000000
0000000000000000
0000000000000000
----
11111111111111111110011111111111
0000000000000000
0000000000000000
0000000000000100
0000100000000000
0000000000001110
0000000000010100
0010000000000000
0000000000000000
0000000000000000
0000000000000000
0000000000000000
----
xxxx
11111111111111111110011111111111
0000000000000000
0000000000000000
0000000000000100
0000100000000000
0000000000001110
0000000000010100
0010000000000000
0000000000000000
0000000000000000
0000000000000000
0000000000000000
0000000000000000
----
11111111111111110111111111111111
0000000000000000
0000000000000000
0000000000000000
0000000000000000
0000000000001000
0000100000000000
0000100000000000
0000000000001000
0000000000000000
0000000000000000
0000000000000000
0000000000000000
----
xxxx
11111111111111110111111111111111
0000000000000000
0000000000000000
0000000000000000
0000000000000000
0000000000001000
0000100000000000
0000100000000000
0000000000001000
0000000000000000
0000000000000000
0000000000000000
0000000000000000
0000000000000000
----
11111111111111110111111111111111
0000000000000000
0000000000000000
0000000000000000
0000000000000000
0000000000000000
0000100000100000
0001010001010100
0000000000111000
0010000000000000
0000000000000000
0000000000000000
0000000000000000
0000000000000000
----
