xxxx
100000000000000000000000000000000000000000000000000000000000000000000000000000000000000000000000
000000000000000000000000000000000000000000000000
----
010000001000000000000000000000000000000000000000000000000000000000000000000000000000000000000000
000000000000000000000000000000000000000000000000
----
xxxx
010000001000000000000000000000000000000000000000000000000000000000000000000000000000000000000000
000000000000000000000000000000000000000000000000
000000000000000000000000000000000000000000000000
----
001000000100000010000000000000000000000000000000000000000000000000000000000000000000000000000000
000000000000000000000000000000000000000000000000
000000000000000000000000000000000000000000000000
----
xxxx
001000000100000010000000000000000000000000000000000000000000000000000000000000000000000000000000
000000000000000000000000000000000000000000000000
000000000000000000000000000000000000000000000000
000000000000000000000000000000000000000000000000
----
000010000011000001000000100000000000000000000000000000000000000000000000000000000000000000000000
000000000000000000000000000000000000000000000000
000000000000000000000000000000000000000000000000
000000000000000000000000000000000000000000000000
----
xxxx
000010000011000001000000100000000000000000000000000000000000000000000000000000000000000000000000
000000000000000000000000000000000000000000000000
000000000000000000000000000000000000000000000000
000000000000000000000000000000000000000000000000
000000000000000000000000000000000000000000000000
----
000010000001100000110000010000001000000000000000000000000010000000000000000000000000000000000000
000000000000000000000000000000000000000000000000
000000000000000000000000000000000000000000000000
000000000000000000000000000000000000000000000000
000000000000000000000000000000000000000000000000
----
xxxx
000010000001100000110000010000001000000000000000000000000010000000000000000000000000000000000000
000000000000000000000000000000000000000000000000
000000000000000000000000000000000000000000000000
000000000000000000000000000000000000000000000000
000000000000000000000000000000000000000000000000
000000000000000000000000000000000000000000000000
----
000001000000111000011100001100000010000000000000000000000001000000010000010000000000000000000000
000000000000000000000000000000000000000000000000
000000000000000000000000000000000000000000000000
000000000000000000000000000000000000000000000000
000000000000000000000000000000000000000000000000
000000000000000000000000000000000000000000000000
----
xxxx
000001000000111000011100001100000010000000000000000000000001000000010000010000000000000000000000
000000000000000000000000000000000000000000000000
000000000000000000000000000000000000000000000000
000000000000000000000000000000000000000000000000
000000000000000000000000000000000000000000000000
000000000000000000000000000000000000000000000000
000000000000000000000000000000000000000000000000
----
000000010000111100101111000110000011000001100000000000000000010000010000000100000000000000000000
000000000000000000000000000000000000000000000000
000000000000000000000000000000000000000000000000
000000000000000000000000000000000000000000000000
000000000000000000000000000000000000000000000000
000000000000000000000000000000000000000000000000
000000000000000000000000000000000000000000000000
----
xxxx
000000010000111100101111000110000011000001100000000000000000010000010000000100000000000000000000
000000000000000000000000000000000000000000000000
000000000000000000000000000000000000000000000000
000000000000000000000000000000000000000000000000
000000000000000000000000000000000000000000000000
000000000000000000000000000000000000000000000000
000000000000000000000000000000000000000000000000
000000000000000000000000000000000000000000000000
----
001000010000111110011111101011110101110000110000000000000000010000100110000100000001000000000000
000000000000000000000000000000000000000000000000
000000000000000000000000000000000000000000000000
000000000000000000000000000000000000000000000000
000000000000000000000000000000000000000000000000
000000000000000000000000000000000000000000000000
000000000000000000000000000000000000000000000000
000000000000000000000000000000000000000000000000
----
xxxx
001000010000111110011111101011110101110000110000000000000000010000100110000100000001000000000000
000000000000000000000000000000000000000000000000
000000000000000000000000000000000000000000000000
000000000000000000000000000000000000000000000000
000000000000000000000000000000000000000000000000
000000000000000000000000000000000000000000000000
000000000000000000000000000000000000000000000000
000000000000000000000000000000000000000000000000
000000000000000000000000000000000000000000000000
----
001100000110011111101111111111111111111101011000000000000000000100011101101001000001000000010000
000000000000000000000000000000000000000000000000
000000000000000000000000000000000000000000000000
000000000000000000000000000000000000000000000000
000000000000000000000000000000000000000000000000
000000000000000000000000000000000000000000000000
000000000000000000000000000000000000000000000000
000000000000000000000000000000000000000000000000
000000000000000000000000000000000000000000000000
----
xxxx
001100000110011111101111111111111111111101011000000000000000000100011101101001000001000000010000
000000000000000000000000000000000000000000000000
000000000000000000000000000000000000000000000000
000000000000000000000000000000000000000000000000
000000000000000000000000000000000000000000000000
000000000000000000000000000000000000000000000000
000000000000000000000000000000000000000000000000
000000000000000000000000000000000000000000000000
000000000000000000000000000000000000000000000000
000000000000000000000000000000000000000000000000
----
010111000101101111111111111111111111111111111111000000000010000100101111101010101010101000001000
000000000000000000000000000000000000000000000000
000000000000000000000000001010000000000000000000
000000000000000000000000000000000000000000000000
000000000000000000000000000000000000000000000000
000000000000000000000000000000000000000000000000
000000000000000000000000000000000000000000000000
000000000000000000000000000000000000000000000000
000000000000000000000000000000000000000000000000
000000000000000000000000000000000000000000000000
----
xxxx
010111000101101111111111111111111111111111111111000000000010000100101111101010101010101000001000
000000000000000000000000000000000000000000000000
000000000000000000000000001010000000000000000000
000000000000000000000000000000000000000000000000
000000000000000000000000000000000000000000000000
000000000000000000000000000000000000000000000000
000000000000000000000000000000000000000000000000
000000000000000000000000000000000000000000000000
000000000000000000000000000000000000000000000000
000000000000000000000000000000000000000000000000
000000000000000000000000000000000000000000000000
----
111111100111111111111111111111111111111111111111000010000110000101111101101111101110101000111010
000000000000000000000000000000000000000000000000
000000000000000000000000000000000000000000000000
000000000000000000000010000000000000000000000000
000000000000000000000000000000000000000000000000
000000000000000000000000000000000000000000000000
000000000000000000000000000000000000000000000000
000000000000000000000000000000000000000000000000
000000000000000000000000000000000000000000000000
000000000000000000000000000000000000000000000000
000000000000000000000000000000000000000000000000
----
xxxx
111111100111111111111111111111111111111111111111000010000110000101111101101111101110101000111010
000000000000000000000000000000000000000000000000
000000000000000000000000000000000000000000000000
000000000000000000000010000000000000000000000000
000000000000000000000000000000000000000000000000
000000000000000000000000000000000000000000000000
000000000000000000000000000000000000000000000000
000000000000000000000000000000000000000000000000
000000000000000000000000000000000000000000000000
000000000000000000000000000000000000000000000000
000000000000000000000000000000000000000000000000
000000000000000000000000000000000000000000000000
----
111111111111111111111111111111111111111111111111001010011111111001111111011011010111111101101011
000000000000000000000000000000000000000000000000
000000000000000000000000000000000000000000000000
000000000000000000000000000000000000000000000000
000000000000000000000000000000000000000000000000
000000000000000000000000000100000000000000000000
000000000000000000000000000000000000000000000000
000000000000000000000000000000000000000000000000
000000000000000000000000000000000000000000000000
000000000000000000000000000000000000000000000000
000000000000000000000000000000000000000000000000
000000000000000000000000000000000000000000000000
----
xxxx
111111111111111111111111111111111111111111111111001010011111111001111111011011010111111101101011
000000000000000000000000000000000000000000000000
000000000000000000000000000000000000000000000000
000000000000000000000000000000000000000000000000
000000000000000000000000000000000000000000000000
000000000000000000000000000100000000000000000000
000000000000000000000000000000000000000000000000
000000000000000000000000000000000000000000000000
000000000000000000000000000000000000000000000000
000000000000000000000000000000000000000000000000
000000000000000000000000000000000000000000000000
000000000000000000000000000000000000000000000000
000000000000000000000000000000000000000000000000
----
111111111111111111111111111111111111111111111111011011110111111111111110111111110101011111111010
000000000000000000000000000000000000000000000000
000000000000000000000000000000000000000000000000
000000000000000000000000000000000000000000000000
000000000000000000000000000000000000000000010000
000000000000000000000100000000000000000000000000
000000000000000000000000000100000000000000000000
000000000000000000000000000000000000000000000000
000000000000000000000000000000000000000000000000
000000000000000000000000000000000000000000000000
000000000000000000000000000000000000000000000000
000000000000000000000000000000000000000000000000
000000000000000000000000000000000000000000000000
----
xxxx
111111111111111111111111111111111111111111111111011011110111111111111110111111110101011111111010
000000000000000000000000000000000000000000000000
000000000000000000000000000000000000000000000000
000000000000000000000000000000000000000000000000
000000000000000000000000000000000000000000010000
000000000000000000000100000000000000000000000000
000000000000000000000000000100000000000000000000
000000000000000000000000000000000000000000000000
000000000000000000000000000000000000000000000000
000000000000000000000000000000000000000000000000
000000000000000000000000000000000000000000000000
000000000000000000000000000000000000000000000000
000000000000000000000000000000000000000000000000
000000000000000000000000000000000000000000000000
----
111111111111111111111111111111111111111111111111111100111111111111111101111111110110101101111111
000000000000000000000000000000000000000000000000
000000000000000000000000000000000000000000000000
000000010000000000000000000000000000000000000000
000000000000000000000000000000000000000000101100
000000000000000000001001000001000010000000010000
000000000000001000000010100010000000100000000000
000000000000000000000000000100000000000000000000
000000000000000000000000000000000000000000000000
000000000000000000000000000000000000000000000000
000000000000000000000000000000000000000000000000
000000000000000000000000000000000000000000000000
000000000000000000000000000000000000000000000000
000000000000000000000000000000000000000000000000
----
xxxx
111111111111111111111111111111111111111111111111111100111111111111111101111111110110101101111111
000000000000000000000000000000000000000000000000
000000000000000000000000000000000000000000000000
000000010000000000000000000000000000000000000000
000000000000000000000000000000000000000000101100
000000000000000000001001000001000010000000010000
000000000000001000000010100010000000100000000000
000000000000000000000000000100000000000000000000
000000000000000000000000000000000000000000000000
000000000000000000000000000000000000000000000000
000000000000000000000000000000000000000000000000
000000000000000000000000000000000000000000000000
000000000000000000000000000000000000000000000000
000000000000000000000000000000000000000000000000
000000000000000000000000000000000000000000000000
----
111111111111111111111111111111111111111111111111111111111111111011111111111101111111110011110111
000000000000000000000000000000000000000000000000
000000000000000000000000000000000000000000000000
000000000000000000000000000000000000000000000000
010000100000000000000000000000000000000000000000
000000000000000010000000000000000000000000000001
000000000000000000000001100011000010001000000000
000000000000001000000011000000000001100000000000
000000000000000000000000000110000000000000000000
000000000000000000000000000000000000000000000000
000000000000000000000000000000000000000000000000
000000000000000000000000000000000000000000000000
000000000000000000000000000000000000000000000000
000000000000000000000000000000000000000000000000
000000000000000000000000000000000000000000000000
----
xxxx
111111111111111111111111111111111111111111111111111111111111111011111111111101111111110011110111
000000000000000000000000000000000000000000000000
000000000000000000000000000000000000000000000000
000000000000000000000000000000000000000000000000
010000100000000000000000000000000000000000000000
000000000000000010000000000000000000000000000001
000000000000000000000001100011000010001000000000
000000000000001000000011000000000001100000000000
000000000000000000000000000110000000000000000000
000000000000000000000000000000000000000000000000
000000000000000000000000000000000000000000000000
000000000000000000000000000000000000000000000000
000000000000000000000000000000000000000000000000
000000000000000000000000000000000000000000000000
000000000000000000000000000000000000000000000000
000000000000000000000000000000000000000000000000
----
111111111111111111111111111111111111111111111111111111111111101111111111111111101101111111110111
000000000000000000000000000000000000000000000000
000000000000000000000000000000000000000000000000
000000000000000000000000000000000000000000000000
000000100000000000000000000000000000000000000000
001010000000000000000100100000000000001000000010
000001000010000010000010010000000100100100001001
000000000000000100001101100000001010011000001000
000000000000000000000111000000000001100000000000
000000000000000000000000000110000000000000000000
000000000000000000000000000000000000000000000000
000000000000000000000000000000000000000000000000
000000000000000000000000000000000000000000000000
000000000000000000000000000000000000000000000000
000000000000000000000000000000000000000000000000
000000000000000000000000000000000000000000000000
----
xxxx
111111111111111111111111111111111111111111111111111111111111101111111111111111101101111111110111
000000000000000000000000000000000000000000000000
000000000000000000000000000000000000000000000000
000000000000000000000000000000000000000000000000
000000100000000000000000000000000000000000000000
001010000000000000000100100000000000001000000010
000001000010000010000010010000000100100100001001
000000000000000100001101100000001010011000001000
000000000000000000000111000000000001100000000000
000000000000000000000000000110000000000000000000
000000000000000000000000000000000000000000000000
000000000000000000000000000000000000000000000000
000000000000000000000000000000000000000000000000
000000000000000000000000000000000000000000000000
000000000000000000000000000000000000000000000000
000000000000000000000000000000000000000000000000
000000000000000000000000000000000000000000000000
----
111111111111111111111111111111111111111111111111111111111111111111111111111110110111111111111111
000000000000000000000000000000000000000000000000
000000000000000000000000000000000000000000000000
000000000000000000000000000000000000000000000000
000000000000000000000000000000000000000000000000
000000000100000000000000000000000000000000000000
010100010000000000000000000000000000000000000000
000010000010000000000000000000000000000000000000
000000000000000000001001000000000000000000001000
000000000000000000000110001000000001000000000000
000000000000000000000000000100000000000000000000
000000000000000000000000000000000000000000000000
000000000000000000000000000000000000000000000000
000000000000000000000000000000000000000000000000
000000000000000000000000000000000000000000000000
000000000000000000000000000000000000000000000000
000000000000000000000000000000000000000000000000
----
xxxx
111111111111111111111111111111111111111111111111111111111111111111111111111110110111111111111111
000000000000000000000000000000000000000000000000
000000000000000000000000000000000000000000000000
000000000000000000000000000000000000000000000000
000000000000000000000000000000000000000000000000
000000000100000000000000000000000000000000000000
010100010000000000000000000000000000000000000000
000010000010000000000000000000000000000000000000
000000000000000000001001000000000000000000001000
000000000000000000000110001000000001000000000000
000000000000000000000000000100000000000000000000
000000000000000000000000000000000000000000000000
000000000000000000000000000000000000000000000000
000000000000000000000000000000000000000000000000
000000000000000000000000000000000000000000000000
000000000000000000000000000000000000000000000000
000000000000000000000000000000000000000000000000
000000000000000000000000000000000000000000000000
----
111111111111111111111111111111111111111111111111111111111110111111111111111111111101111111111111
000000000000000000000000000000000000000000000000
000000000000000000000000000000000000000000000000
000000000000000000000000000000000000000000000000
000000000000000000000000000000000000000000000000
000000000000000000000000000000000000000000000100
000000000000100000000001000000000000000000000001
000000010000010000000000100100001100001000000010
000001000000001010000010010010110110100100100001
000000000000000010001000100001101010001000011000
000000000000001000000011001010000000100000000000
000000000000000000000000000110000000000000000000
000000000000000000000000000000000000000000000000
000000000000000000000000000000000000000000000000
000000000000000000000000000000000000000000000000
000000000000000000000000000000000000000000000000
000000000000000000000000000000000000000000000000
000000000000000000000000000000000000000000000000
----
xxxx
111111111111111111111111111111111111111111111111111111111110111111111111111111111101111111111111
000000000000000000000000000000000000000000000000
000000000000000000000000000000000000000000000000
000000000000000000000000000000000000000000000000
000000000000000000000000000000000000000000000000
000000000000000000000000000000000000000000000100
000000000000100000000001000000000000000000000001
000000010000010000000000100100001100001000000010
000001000000001010000010010010110110100100100001
000000000000000010001000100001101010001000011000
000000000000001000000011001010000000100000000000
000000000000000000000000000110000000000000000000
000000000000000000000000000000000000000000000000
000000000000000000000000000000000000000000000000
000000000000000000000000000000000000000000000000
000000000000000000000000000000000000000000000000
000000000000000000000000000000000000000000000000
000000000000000000000000000000000000000000000000
000000000000000000000000000000000000000000000000
----
111111111111111111111111111111111111111111111111111111111111111111111011111111111111111111111111
000000000000000000000000000000000000000000000000
000000000000000000000000000000000000000000000000
000000000000000000000000000000000000000000000000
000000000000000000000000000000000000000000000000
000000000000000000000000000000000000000000000000
000000000000000000000000000000000000000000000000
100000000000000000000000000000000000000000000000
000000000000000000000000000000000100000000100000
000101000001000011000000000000000010000100100100
000000000000000100000000100000001000000000011000
000000000000000000000010001000000000110000000000
000000000000000000000000000110000000000000000000
000000000000000000000000000000000000000000000000
000000000000000000000000000000000000000000000000
000000000000000000000000000000000000000000000000
000000000000000000000000000000000000000000000000
000000000000000000000000000000000000000000000000
000000000000000000000000000000000000000000000000
----
xxxx
111111111111111111111111111111111111111111111111111111111111111111111011111111111111111111111111
000000000000000000000000000000000000000000000000
000000000000000000000000000000000000000000000000
000000000000000000000000000000000000000000000000
000000000000000000000000000000000000000000000000
000000000000000000000000000000000000000000000000
000000000000000000000000000000000000000000000000
100000000000000000000000000000000000000000000000
000000000000000000000000000000000100000000100000
000101000001000011000000000000000010000100100100
000000000000000100000000100000001000000000011000
000000000000000000000010001000000000110000000000
000000000000000000000000000110000000000000000000
000000000000000000000000000000000000000000000000
000000000000000000000000000000000000000000000000
000000000000000000000000000000000000000000000000
000000000000000000000000000000000000000000000000
000000000000000000000000000000000000000000000000
000000000000000000000000000000000000000000000000
000000000000000000000000000000000000000000000000
----
111111111111111111111111111111111111111111111111111111111111110111111111111111111111111111111111
000000000000000000000000000000000000000000000000
000000000000000000000000000000000000000000000000
000000000000000000000000000000000000000000000000
000000000000000000000000000000000000000000000000
000000000000000000000000000000000000000000000000
000000000000000000000000000000000000000010000000
000000000000000000000000000000000000100001000000
011000000000000000000000000010000001100000000000
100010000010000000000000000000100011001000011010
000010000010000000100000100000101001101010001010
001000000000000010000000100110101000101000001000
000000000000000000000010000010000000100000100000
000000000000000000000000000010000010000000000000
000000000000000000000000001000000000000000000000
000000000000000000000000000000000000000000000000
000000000000000000000000000000000000000000000000
000000000000000000000000000000000000000000000000
000000000000000000000000000000000000000000000000
000000000000000000000000000000000000000000000000
----
