xxxx
1000000000000000000000000000000000000000000000000000000000000000
00000000000000000000000000000000
----
0100000010000000000000000000000000000000000000000000000000000000
00000000000000000000000000000000
----
xxxx
0100000010000000000000000000000000000000000000000000000000000000
00000000000000000000000000000000
00000000000000000000000000000000
----
0010000001000000100000000000000000000000000000000000000000000000
00000000000000000000000000000000
00000000000000000000000000000000
----
xxxx
0010000001000000100000000000000000000000000000000000000000000000
00000000000000000000000000000000
00000000000000000000000000000000
00000000000000000000000000000000
----
0000100000110000010000001000000000000000000000000000000000000000
00000000000000000000000000000000
00000000000000000000000000000000
00000000000000000000000000000000
----
xxxx
0000100000110000010000001000000000000000000000000000000000000000
00000000000000000000000000000000
00000000000000000000000000000000
00000000000000000000000000000000
00000000000000000000000000000000
----
1000100000011000001100000100000000000000001000000000000000000000
00000000000000000000000000000000
00000000000000000000000000000000
00000000000000000000000000000000
00000000000000000000000000000000
----
xxxx
1000100000011000001100000100000000000000001000000000000000000000
00000000000000000000000000000000
00000000000000000000000000000000
00000000000000000000000000000000
00000000000000000000000000000000
00000000000000000000000000000000
----
0100001010001110000111000011000000000000000010000000000001000000
00000000000000000000000000000000
00000000000000000000000000000000
00000000000000000000000000000000
00000000000000000000000000000000
00000000000000000000000000000000
----
xxxx
0100001010001110000111000011000000000000000010000000000001000000
00000000000000000000000000000000
00000000000000000000000000000000
00000000000000000000000000000000
00000000000000000000000000000000
00000000000000000000000000000000
00000000000000000000000000000000
----
0011000101110011001011100101100000000000000001000000010000110000
00000000000000000000000000000000
00000000000000000000000000000000
00000000000000000000000000000000
00000000000000000000000000000000
00000000000000000000000000000000
00000000000000000000000000000000
----
xxxx
0011000101110011001011100101100000000000000001000000010000110000
00000000000000000000000000000000
00000000000000000000000000000000
00000000000000000000000000000000
00000000000000000000000000000000
00000000000000000000000000000000
00000000000000000000000000000000
00000000000000000000000000000000
----
0101110100111111101111111010111100010000000001000010011000010000
00000000000000000000000000000000
00000000000000000000000000000000
00000000000000000000000000000000
00000000000000000000000000000000
00000000000000000000000000000000
00000000000000000000000000000000
00000000000000000000000000000000
----
xxxx
0101110100111111101111111010111100010000000001000010011000010000
00000000000000000000000000000000
00000000000000000000000000000000
00000000000000000000000000000000
00000000000000000000000000000000
00000000000000000000000000000000
00000000000000000000000000000000
00000000000000000000000000000000
00000000000000000000000000000000
----
1111111111011111111111111111111100001100001000100011001110101000
00000000000000000000000000000000
00000000000000000000000000000000
00000000000000000000000000000000
00000000000000000000000000000000
00000000000000000000000000000000
00000000000000000000000000000000
00000000000000000000000000000000
00000000000000000000000000000000
----
xxxx
1111111111011111111111111111111100001100001000100011001110101000
00000000000000000000000000000000
00000000000000000000000000000000
00000000000000000000000000000000
00000000000000000000000000000000
00000000000000000000000000000000
00000000000000000000000000000000
00000000000000000000000000000000
00000000000000000000000000000000
00000000000000000000000000000000
----
1111111111111111111111111111111101101011001011011011011011011010
00000000000000000000000000000000
00000000000000000001000000000000
00000000000001000000010000000000
00000000000000000000000000000000
00000000000000000000000000000000
00000000000000000000000000000000
00000000000000000000000000000000
00000000000000000000000000000000
00000000000000000000000000000000
----
xxxx
1111111111111111111111111111111101101011001011011011011011011010
00000000000000000000000000000000
00000000000000000001000000000000
00000000000001000000010000000000
00000000000000000000000000000000
00000000000000000000000000000000
00000000000000000000000000000000
00000000000000000000000000000000
00000000000000000000000000000000
00000000000000000000000000000000
00000000000000000000000000000000
----
1111111111111111111111111111111111111110101111111110111010110010
00000000000000000000000000000000
00000000000000000000000000000000
00000000000000000000000000001000
00000000000000000000000000001000
00000000000000000000000000000000
00000000000000000000000000000000
00000000000000000000000000000000
00000000000000000000000000000000
00000000000000000000000000000000
00000000000000000000000000000000
----
xxxx
1111111111111111111111111111111111111110101111111110111010110010
00000000000000000000000000000000
00000000000000000000000000000000
00000000000000000000000000001000
00000000000000000000000000001000
00000000000000000000000000000000
00000000000000000000000000000000
00000000000000000000000000000000
00000000000000000000000000000000
00000000000000000000000000000000
00000000000000000000000000000000
00000000000000000000000000000000
----
1111111111111111111111111111111101111111011011111111110111101101
00000000000000000000000000000000
00000000000000000000000000000000
00000000000000000000000010000000
00000000000100000000010000000000
00000000000001000000010000010000
00000000000000000000000000000000
00000000000000000000000000000000
00000000000000000000000000000000
00000000000000000000000000000000
00000000000000000000000000000000
00000000000000000000000000000000
----
xxxx
1111111111111111111111111111111101111111011011111111110111101101
00000000000000000000000000000000
00000000000000000000000000000000
00000000000000000000000010000000
00000000000100000000010000000000
00000000000001000000010000010000
00000000000000000000000000000000
00000000000000000000000000000000
00000000000000000000000000000000
00000000000000000000000000000000
00000000000000000000000000000000
00000000000000000000000000000000
00000000000000000000000000000000
----
1111111111111111111111111111111111111110101111111101111111111011
00000000000000000000000000000000
00000000000000000000000000000000
00000000000000000000000000000000
00000000000000000000000000000000
00000000000100000001100000001000
00010000000001000000011000010000
00000000000000000000000000000000
00000000000000000000000000000000
00000000000000000000000000000000
00000000000000000000000000000000
00000000000000000000000000000000
00000000000000000000000000000000
----
xxxx
1111111111111111111111111111111111111110101111111101111111111011
00000000000000000000000000000000
00000000000000000000000000000000
00000000000000000000000000000000
00000000000000000000000000000000
00000000000100000001100000001000
00010000000001000000011000010000
00000000000000000000000000000000
00000000000000000000000000000000
00000000000000000000000000000000
00000000000000000000000000000000
00000000000000000000000000000000
00000000000000000000000000000000
00000000000000000000000000000000
----
1111111111111111111111111111111111111011111111111111110111101111
00000000000000000000000000000000
00000000000000000000000000000000
00000000000000000000000000000000
00000010000000000000000000000000
00000000000001001100000000000010
00000000001100001000000010101000
00000000000000000010010000010000
00000000000000000000000000000000
00000000000000000000000000000000
00000000000000000000000000000000
00000000000000000000000000000000
00000000000000000000000000000000
00000000000000000000000000000000
----
xxxx
1111111111111111111111111111111111111011111111111111110111101111
00000000000000000000000000000000
00000000000000000000000000000000
00000000000000000000000000000000
00000010000000000000000000000000
00000000000001001100000000000010
00000000001100001000000010101000
00000000000000000010010000010000
00000000000000000000000000000000
00000000000000000000000000000000
00000000000000000000000000000000
00000000000000000000000000000000
00000000000000000000000000000000
00000000000000000000000000000000
00000000000000000000000000000000
----
1111111111111111111111111111111111111111110111111111011111111111
00000000000000000000000000000000
00000000000000000000000000000000
00000000000000000000000000000000
00000000000000000000000000000000
10000000000001000000000000000100
00001001000000000000011000000000
00001000000000001000001010100010
00000000000000000010100000000000
00000000000000000000000000000000
00000000000000000000000000000000
00000000000000000000000000000000
00000000000000000000000000000000
00000000000000000000000000000000
00000000000000000000000000000000
----
xxxx
1111111111111111111111111111111111111111110111111111011111111111
00000000000000000000000000000000
00000000000000000000000000000000
00000000000000000000000000000000
00000000000000000000000000000000
10000000000001000000000000000100
00001001000000000000011000000000
00001000000000001000001010100010
00000000000000000010100000000000
00000000000000000000000000000000
00000000000000000000000000000000
00000000000000000000000000000000
00000000000000000000000000000000
00000000000000000000000000000000
00000000000000000000000000000000
00000000000000000000000000000000
----
1111111111111111111111111111111111101111111111111111110111111111
00000000000000000000000000000000
00000000000000000000000000000000
00000000000000000000000000000000
00000000000000000000000000000000
00000000000000000000010000000000
00010000000100000100000100000000
00000100000110000100011101000001
00011000000000001001011000100010
00000000000000000000000000001000
00000000000000000001000000000000
00000000000000000000000000000000
00000000000000000000000000000000
00000000000000000000000000000000
00000000000000000000000000000000
00000000000000000000000000000000
----
xxxx
1111111111111111111111111111111111101111111111111111110111111111
00000000000000000000000000000000
00000000000000000000000000000000
00000000000000000000000000000000
00000000000000000000000000000000
00000000000000000000010000000000
00010000000100000100000100000000
00000100000110000100011101000001
00011000000000001001011000100010
00000000000000000000000000001000
00000000000000000001000000000000
00000000000000000000000000000000
00000000000000000000000000000000
00000000000000000000000000000000
00000000000000000000000000000000
00000000000000000000000000000000
00000000000000000000000000000000
----
1111111111111111111111111111111111111111111111111101111111111111
00000000000000000000000000000000
00000000000000000000000000000000
00000000000000000000000000000000
00000000000000000000000000000000
00000000000000000000000000000000
00000100000000000000000000000000
00000000000001110000000000000000
01000111000000010000010000000100
00001100000000100100001100000000
00000000000000000000000000001000
00000000000000000001000000000000
00000000000000000000000000000000
00000000000000000000000000000000
00000000000000000000000000000000
00000000000000000000000000000000
00000000000000000000000000000000
----
xxxx
0111111111111111111111111111111111111111111111111111111111111111
00000000000000000000000000000000
00000000000000000000000000000000
00000000000000000000000000000000
00000000000000000000000000000000
00000000000000000000000000000000
00000000000000000000000000000000
00000000000000000000000000000000
00000000000000000000000000010000
00001000000000100001101110001000
00000000000100100001100100001100
00010000000001000000011000010000
00000000000000000000000000000000
00000000000000000000000000000000
00000000000000000000000000000000
00000000000000000000000000000000
00000000000000000000000000000000
00000000000000000000000000000000
----
1111111111111111111111111111111101111111111111111111111111111111
00000000000000000000000000000000
00000000000000000000000000000000
00000000000000000000000000000000
00000000000000000000000000000000
00000000000000000000000000000000
00000000000000000000000000000000
00000000000000000000000000011000
00001000000000100001001110001000
00001000000000100001101100001000
00010000000001000000011000010000
00000000000000000000000000000000
00000000000000000000000000000000
00000000000000000000000000000000
00000000000000000000000000000000
00000000000000000000000000000000
00000000000000000000000000000000
00000000000000000000000000000000
----
