xxxx
10000000000000000000000000000000000000000000000000000000000000000000000000000000000000000000000000000000000000000000000000000000
0000000000000000000000000000000000000000000000000000000000000000
----
01000000100000000000000000000000000000000000000000000000000000000000000000000000000000000000000000000000000000000000000000000000
0000000000000000000000000000000000000000000000000000000000000000
----
xxxx
01000000100000000000000000000000000000000000000000000000000000000000000000000000000000000000000000000000000000000000000000000000
0000000000000000000000000000000000000000000000000000000000000000
0000000000000000000000000000000000000000000000000000000000000000
----
00100000010000001000000000000000000000000000000000000000000000000000000000000000000000000000000000000000000000000000000000000000
0000000000000000000000000000000000000000000000000000000000000000
0000000000000000000000000000000000000000000000000000000000000000
----
xxxx
00100000010000001000000000000000000000000000000000000000000000000000000000000000000000000000000000000000000000000000000000000000
0000000000000000000000000000000000000000000000000000000000000000
0000000000000000000000000000000000000000000000000000000000000000
0000000000000000000000000000000000000000000000000000000000000000
----
00001000001100000100000010000000000000000000000000000000000000000000000000000000000000000000000000000000000000000000000000000000
0000000000000000000000000000000000000000000000000000000000000000
0000000000000000000000000000000000000000000000000000000000000000
0000000000000000000000000000000000000000000000000000000000000000
----
xxxx
00001000001100000100000010000000000000000000000000000000000000000000000000000000000000000000000000000000000000000000000000000000
0000000000000000000000000000000000000000000000000000000000000000
0000000000000000000000000000000000000000000000000000000000000000
0000000000000000000000000000000000000000000000000000000000000000
0000000000000000000000000000000000000000000000000000000000000000
----
00001000000110000011000001000000100000000000000000000000000000000000000000100000000000000000000000000000000000000000000000000000
0000000000000000000000000000000000000000000000000000000000000000
0000000000000000000000000000000000000000000000000000000000000000
0000000000000000000000000000000000000000000000000000000000000000
0000000000000000000000000000000000000000000000000000000000000000
----
xxxx
00001000000110000011000001000000100000000000000000000000000000000000000000100000000000000000000000000000000000000000000000000000
0000000000000000000000000000000000000000000000000000000000000000
0000000000000000000000000000000000000000000000000000000000000000
0000000000000000000000000000000000000000000000000000000000000000
0000000000000000000000000000000000000000000000000000000000000000
0000000000000000000000000000000000000000000000000000000000000000
----
00000100000011100001110000110000001000000000000000000000000000000000000000010000000100000100000000000000000000000000000000000000
0000000000000000000000000000000000000000000000000000000000000000
0000000000000000000000000000000000000000000000000000000000000000
0000000000000000000000000000000000000000000000000000000000000000
0000000000000000000000000000000000000000000000000000000000000000
0000000000000000000000000000000000000000000000000000000000000000
----
xxxx
00000100000011100001110000110000001000000000000000000000000000000000000000010000000100000100000000000000000000000000000000000000
0000000000000000000000000000000000000000000000000000000000000000
0000000000000000000000000000000000000000000000000000000000000000
0000000000000000000000000000000000000000000000000000000000000000
0000000000000000000000000000000000000000000000000000000000000000
0000000000000000000000000000000000000000000000000000000000000000
0000000000000000000000000000000000000000000000000000000000000000
----
00000001000100110010111001011100001100000110000000000000000000000000000000000100000000000011000000000000000000000000000000000000
0000000000000000000000000000000000000000000000000000000000000000
0000000000000000000000000000000000000000000000000000000000000000
0000000000000000000000000000000000000000000000000000000000000000
0000000000000000000000000000000000000000000000000000000000000000
0000000000000000000000000000000000000000000000000000000000000000
0000000000000000000000000000000000000000000000000000000000000000
----
xxxx
00000001000100110010111001011100001100000110000000000000000000000000000000000100000000000011000000000000000000000000000000000000
0000000000000000000000000000000000000000000000000000000000000000
0000000000000000000000000000000000000000000000000000000000000000
0000000000000000000000000000000000000000000000000000000000000000
0000000000000000000000000000000000000000000000000000000000000000
0000000000000000000000000000000000000000000000000000000000000000
0000000000000000000000000000000000000000000000000000000000000000
0000000000000000000000000000000000000000000000000000000000000000
----
00000000100010011101111110111110010111000011000001000000100000000000000000000010001000100001100000000000010000000000000000000000
0000000000000000000000000000000000000000000000000000000000000000
0000000000000000000000000000000000000000000000000000000000000000
0000000000000000000000000000000000000000000000000000000000000000
0000000000000000000000000000000000000000000000000000000000000000
0000000000000000000000000000000000000000000000000000000000000000
0000000000000000000000000000000000000000000000000000000000000000
0000000000000000000000000000000000000000000000000000000000000000
----
xxxx
00000000100010011101111110111110010111000011000001000000100000000000000000000010001000100001100000000000010000000000000000000000
0000000000000000000000000000000000000000000000000000000000000000
0000000000000000000000000000000000000000000000000000000000000000
0000000000000000000000000000000000000000000000000000000000000000
0000000000000000000000000000000000000000000000000000000000000000
0000000000000000000000000000000000000000000000000000000000000000
0000000000000000000000000000000000000000000000000000000000000000
0000000000000000000000000000000000000000000000000000000000000000
0000000000000000000000000000000000000000000000000000000000000000
----
10000000001001101111111111111111101111110101110000110000010000000000000000000000000110101010101000001000000000000100000000000000
0000000000000000000000000000000000000000000000000000000000000000
0000000000000000000000000000000000000000000000000000000000000000
0000000000000000000000000000000000000000000000000000000000000000
0000000000000000000000000000000000000000000000000000000000000000
0000000000000000000000000000000000000000000000000000000000000000
0000000000000000000000000000000000000000000000000000000000000000
0000000000000000000000000000000000000000000000000000000000000000
0000000000000000000000000000000000000000000000000000000000000000
----
xxxx
10000000001001101111111111111111101111110101110000110000010000000000000000000000000110101010101000001000000000000100000000000000
0000000000000000000000000000000000000000000000000000000000000000
0000000000000000000000000000000000000000000000000000000000000000
0000000000000000000000000000000000000000000000000000000000000000
0000000000000000000000000000000000000000000000000000000000000000
0000000000000000000000000000000000000000000000000000000000000000
0000000000000000000000000000000000000000000000000000000000000000
0000000000000000000000000000000000000000000000000000000000000000
0000000000000000000000000000000000000000000000000000000000000000
0000000000000000000000000000000000000000000000000000000000000000
----
01100000001000111111111111111111111111111111111101011100001100000000000000000000101011111010100010101110000000000011000000000000
0000000000000000000000000000000000000000000000000000000000000000
0000000000000000000000000000000000000000001000000000000000000000
0000000000000000000000000000000000000000000000000000000000000000
0000000000000000000000000000000000000000000000000000000000000000
0000000000000000000000000000000000000000000000000000000000000000
0000000000000000000000000000000000000000000000000000000000000000
0000000000000000000000000000000000000000000000000000000000000000
0000000000000000000000000000000000000000000000000000000000000000
0000000000000000000000000000000000000000000000000000000000000000
----
xxxx
01100000001000111111111111111111111111111111111101011100001100000000000000000000101011111010100010101110000000000011000000000000
0000000000000000000000000000000000000000000000000000000000000000
0000000000000000000000000000000000000000001000000000000000000000
0000000000000000000000000000000000000000000000000000000000000000
0000000000000000000000000000000000000000000000000000000000000000
0000000000000000000000000000000000000000000000000000000000000000
0000000000000000000000000000000000000000000000000000000000000000
0000000000000000000000000000000000000000000000000000000000000000
0000000000000000000000000000000000000000000000000000000000000000
0000000000000000000000000000000000000000000000000000000000000000
0000000000000000000000000000000000000000000000000000000000000000
----
00110000011010111111111111111111111111111111111111111111010111000000000000000000111111111011001010111000101011100000000000110000
0000000000000000000000000000000000000000000000000000000000000000
0000000000000000000000000000000000000000000000000000000000000000
0000000000000000000000100000000000000000000000000000000000000000
0000000000000000000000000000000000000000000000000000000000000000
0000000000000000000000000000000000000000000000000000000000000000
0000000000000000000000000000000000000000000000000000000000000000
0000000000000000000000000000000000000000000000000000000000000000
0000000000000000000000000000000000000000000000000000000000000000
0000000000000000000000000000000000000000000000000000000000000000
0000000000000000000000000000000000000000000000000000000000000000
----
xxxx
00110000011010111111111111111111111111111111111111111111010111000000000000000000111111111011001010111000101011100000000000110000
0000000000000000000000000000000000000000000000000000000000000000
0000000000000000000000000000000000000000000000000000000000000000
0000000000000000000000100000000000000000000000000000000000000000
0000000000000000000000000000000000000000000000000000000000000000
0000000000000000000000000000000000000000000000000000000000000000
0000000000000000000000000000000000000000000000000000000000000000
0000000000000000000000000000000000000000000000000000000000000000
0000000000000000000000000000000000000000000000000000000000000000
0000000000000000000000000000000000000000000000000000000000000000
0000000000000000000000000000000000000000000000000000000000000000
0000000000000000000000000000000000000000000000000000000000000000
----
01011100011111111111111111111111111111111111111111111111111111110001000001000001011111111111011010111011101011001001011000010000
0000000000000000000000000000000000000000000000000000000000000000
0000000000000000000000000000000000000000000000000001000000000000
0000000000000000000000000001101000000000000000000010000000000000
0000000000000000000000000000000000000000000000000000000000000000
0000000000000000000000000000000000000000000000000000000000000000
0000000000000000000000000000000000000000000000000000000000000000
0000000000000000000000000000000000000000000000000000000000000000
0000000000000000000000000000000000000000000000000000000000000000
0000000000000000000000000000000000000000000000000000000000000000
0000000000000000000000000000000000000000000000000000000000000000
0000000000000000000000000000000000000000000000000000000000000000
----
xxxx
01011100011111111111111111111111111111111111111111111111111111110001000001000001011111111111011010111011101011001001011000010000
0000000000000000000000000000000000000000000000000000000000000000
0000000000000000000000000000000000000000000000000001000000000000
0000000000000000000000000001101000000000000000000010000000000000
0000000000000000000000000000000000000000000000000000000000000000
0000000000000000000000000000000000000000000000000000000000000000
0000000000000000000000000000000000000000000000000000000000000000
0000000000000000000000000000000000000000000000000000000000000000
0000000000000000000000000000000000000000000000000000000000000000
0000000000000000000000000000000000000000000000000000000000000000
0000000000000000000000000000000000000000000000000000000000000000
0000000000000000000000000000000000000000000000000000000000000000
0000000000000000000000000000000000000000000000000000000000000000
----
11111111011111111111111111111111111111111111111111111111111111110101000000011111110111111111101111101110101010111111110000000111
0000000000000000000000000000000000000000000000000000000000000000
0000000000000000000000000000000000000000000000000000000000000000
0000000000000000000000000000000000000000000000000000000000100000
0000000000000000000000010000100000000000000000000000000000000000
0000000000000000000000000010000000001000001000000000000000000000
0000000000000000000000000000000000000000000000000000000000000000
0000000000000000000000000000000000000000000000000000000000000000
0000000000000000000000000000000000000000000000000000000000000000
0000000000000000000000000000000000000000000000000000000000000000
0000000000000000000000000000000000000000000000000000000000000000
0000000000000000000000000000000000000000000000000000000000000000
0000000000000000000000000000000000000000000000000000000000000000
----
xxxx
11111111011111111111111111111111111111111111111111111111111111110101000000011111110111111111101111101110101010111111110000000111
0000000000000000000000000000000000000000000000000000000000000000
0000000000000000000000000000000000000000000000000000000000000000
0000000000000000000000000000000000000000000000000000000000100000
0000000000000000000000010000100000000000000000000000000000000000
0000000000000000000000000010000000001000001000000000000000000000
0000000000000000000000000000000000000000000000000000000000000000
0000000000000000000000000000000000000000000000000000000000000000
0000000000000000000000000000000000000000000000000000000000000000
0000000000000000000000000000000000000000000000000000000000000000
0000000000000000000000000000000000000000000000000000000000000000
0000000000000000000000000000000000000000000000000000000000000000
0000000000000000000000000000000000000000000000000000000000000000
0000000000000000000000000000000000000000000000000000000000000000
----
11111111111111111111111111111111111111111111111111111111111111110010011111111111111111110110111111110101110111101110101111101100
0000000000000000000000000000000000000000000000000000000000000000
0000000000000000000000000000000000000000000000000000000000000000
0000000000000000000000000000000000000000000000000000001000001000
0000000000000000000000000000100000000000001010000000000000100000
0000000000000000000000010000100000001000000000000010000000000000
0000000000000000000000000010000000001000001000000000000000000000
0000000000000000000000000000000000100000000000000000000000000000
0000000000000000000000000000000000000000000000000000000000000000
0000000000000000000000000000000000000000000000000000000000000000
0000000000000000000000000000000000000000000000000000000000000000
0000000000000000000000000000000000000000000000000000000000000000
0000000000000000000000000000000000000000000000000000000000000000
0000000000000000000000000000000000000000000000000000000000000000
----
xxxx
11111111111111111111111111111111111111111111111111111111111111110010011111111111111111110110111111110101110111101110101111101100
0000000000000000000000000000000000000000000000000000000000000000
0000000000000000000000000000000000000000000000000000000000000000
0000000000000000000000000000000000000000000000000000001000001000
0000000000000000000000000000100000000000001010000000000000100000
0000000000000000000000010000100000001000000000000010000000000000
0000000000000000000000000010000000001000001000000000000000000000
0000000000000000000000000000000000100000000000000000000000000000
0000000000000000000000000000000000000000000000000000000000000000
0000000000000000000000000000000000000000000000000000000000000000
0000000000000000000000000000000000000000000000000000000000000000
0000000000000000000000000000000000000000000000000000000000000000
0000000000000000000000000000000000000000000000000000000000000000
0000000000000000000000000000000000000000000000000000000000000000
0000000000000000000000000000000000000000000000000000000000000000
----
11111111111111111111111111111111111111111111111111111111111111110111111111111111111111110111011110111111111110011111111011011010
0000000000000000000000000000000000000000000000000000000000000000
0000000000000000000000000000000000000000000000000000000000000000
0000000000000000000000000000000000000000000000000000000000000000
0000000000000000000000000000000000000000000000001010000000000000
0000000000000000000000000000000000000000001010100000100000100000
0000000000000000000000000000001000101010000010000010000000000000
0000000000000000000000000000000000000000000000000000000000000000
0000000000000000000000000000000000000000000000000000000000000000
0000000000000000000000000000000000000000000000000000000000000000
0000000000000000000000000000000000000000000000000000000000000000
0000000000000000000000000000000000000000000000000000000000000000
0000000000000000000000000000000000000000000000000000000000000000
0000000000000000000000000000000000000000000000000000000000000000
0000000000000000000000000000000000000000000000000000000000000000
----
xxxx
11111111111111111111111111111111111111111111111111111111111111110111111111111111111111110111011110111111111110011111111011011010
0000000000000000000000000000000000000000000000000000000000000000
0000000000000000000000000000000000000000000000000000000000000000
0000000000000000000000000000000000000000000000000000000000000000
0000000000000000000000000000000000000000000000001010000000000000
0000000000000000000000000000000000000000001010100000100000100000
0000000000000000000000000000001000101010000010000010000000000000
0000000000000000000000000000000000000000000000000000000000000000
0000000000000000000000000000000000000000000000000000000000000000
0000000000000000000000000000000000000000000000000000000000000000
0000000000000000000000000000000000000000000000000000000000000000
0000000000000000000000000000000000000000000000000000000000000000
0000000000000000000000000000000000000000000000000000000000000000
0000000000000000000000000000000000000000000000000000000000000000
0000000000000000000000000000000000000000000000000000000000000000
0000000000000000000000000000000000000000000000000000000000000000
----
11111111111111111111111111111111111111111111111111111111111111111111111111111111111111011111110111111110111111111011110111001111
0000000000000000000000000000000000000000000000000000000000000000
0000000000000000000000000000000000000000000000000000000000000000
0000000000000000000000000000000000000000000000000000000000000000
0000100000000000000000000000000000000000000000000000000010000000
0000000000000000000000000000000000000000110000000001001000001000
0000000000000000000000100000100000000000001010000000100000100000
0000000000000000000000000000101000001000000010000010000000000000
0000000000000000000000000010000000001000000000000000000000000000
0000000000000000000000000000000000100000000000000000000000000000
0000000000000000000000000000000000000000000000000000000000000000
0000000000000000000000000000000000000000000000000000000000000000
0000000000000000000000000000000000000000000000000000000000000000
0000000000000000000000000000000000000000000000000000000000000000
0000000000000000000000000000000000000000000000000000000000000000
0000000000000000000000000000000000000000000000000000000000000000
----
xxxx
11111111111111111111111111111111111111111111111111111111111111111111111111111111111111011111110111111110111111111011110111001111
0000000000000000000000000000000000000000000000000000000000000000
0000000000000000000000000000000000000000000000000000000000000000
0000000000000000000000000000000000000000000000000000000000000000
0000100000000000000000000000000000000000000000000000000010000000
0000000000000000000000000000000000000000110000000001001000001000
0000000000000000000000100000100000000000001010000000100000100000
0000000000000000000000000000101000001000000010000010000000000000
0000000000000000000000000010000000001000000000000000000000000000
0000000000000000000000000000000000100000000000000000000000000000
0000000000000000000000000000000000000000000000000000000000000000
0000000000000000000000000000000000000000000000000000000000000000
0000000000000000000000000000000000000000000000000000000000000000
0000000000000000000000000000000000000000000000000000000000000000
0000000000000000000000000000000000000000000000000000000000000000
0000000000000000000000000000000000000000000000000000000000000000
0000000000000000000000000000000000000000000000000000000000000000
----
11111111111111111111111111111111111111111111111111111111111111111111111111111111111110111111111111111011111111100111111111101111
0000000000000000000000000000000000000000000000000000000000000000
0000000000000000000000000000000000000000000000000000000000000000
0000000000000000000000000000000000000000000000000000000010000000
1000000000000000000000000000000000000000000000000000000000000000
0001000000000000000000000000000000000000000000000100000100100000
0000000000000000000000000000100000100000100000001000000000011000
0000000000000000000000010100000000111000000000000001100000000000
0000000000000000000000001001101010001010000010000010000000000000
0000000000000000000000010000110000000000001000000000000000000000
0000000000000000000000000000100000100000000000000000000000000000
0000000000000000000000000000000000000000000000000000000000000000
0000000000000000000000000000000000000000000000000000000000000000
0000000000000000000000000000000000000000000000000000000000000000
0000000000000000000000000000000000000000000000000000000000000000
0000000000000000000000000000000000000000000000000000000000000000
0000000000000000000000000000000000000000000000000000000000000000
----
xxxx
11111111111111111111111111111111111111111111111111111111111111111111111111111111111110111111111111111011111111100111111111101111
0000000000000000000000000000000000000000000000000000000000000000
0000000000000000000000000000000000000000000000000000000000000000
0000000000000000000000000000000000000000000000000000000010000000
1000000000000000000000000000000000000000000000000000000000000000
0001000000000000000000000000000000000000000000000100000100100000
0000000000000000000000000000100000100000100000001000000000011000
0000000000000000000000010100000000111000000000000001100000000000
0000000000000000000000001001101010001010000010000010000000000000
0000000000000000000000010000110000000000001000000000000000000000
0000000000000000000000000000100000100000000000000000000000000000
0000000000000000000000000000000000000000000000000000000000000000
0000000000000000000000000000000000000000000000000000000000000000
0000000000000000000000000000000000000000000000000000000000000000
0000000000000000000000000000000000000000000000000000000000000000
0000000000000000000000000000000000000000000000000000000000000000
0000000000000000000000000000000000000000000000000000000000000000
0000000000000000000000000000000000000000000000000000000000000000
----
11111111111111111111111111111111111111111111111111111111111111111111111111111111111111111111111011011011111111111111110111111111
0000000000000000000000000000000000000000000000000000000000000000
0000000000000000000000000000000000000000000000000000000000000000
0000000000000000000000000000000000000000000000000000000000000000
0000000000000000000000000000000000000000000000000000001000000000
0000000000000000000000000000000000000000000001100000000010010010
0000000000000000100000000000000000000000000000100011000110001100
0010000000000000000000001000000000000000000010101010101000001000
0000000000000000000000000010000010000000000000000000100000100000
0000000000000000000000110001000000000000000000000000000000000000
0000000000000000000000100000001000011000000000000000000000000000
0000000000000000000001000000000000000000000000000000000000000000
0000000000000000000000000000000000000000000000000000000000000000
0000000000000000000000000000000000000000000000000000000000000000
0000000000000000000000000000000000000000000000000000000000000000
0000000000000000000000000000000000000000000000000000000000000000
0000000000000000000000000000000000000000000000000000000000000000
0000000000000000000000000000000000000000000000000000000000000000
----
xxxx
11111111111111111111111111111111111111111111111111111111111111111111111111111111111111111111111011011011111111111111110111111111
0000000000000000000000000000000000000000000000000000000000000000
0000000000000000000000000000000000000000000000000000000000000000
0000000000000000000000000000000000000000000000000000000000000000
0000000000000000000000000000000000000000000000000000001000000000
0000000000000000000000000000000000000000000001100000000010010010
0000000000000000100000000000000000000000000000100011000110001100
0010000000000000000000001000000000000000000010101010101000001000
0000000000000000000000000010000010000000000000000000100000100000
0000000000000000000000110001000000000000000000000000000000000000
0000000000000000000000100000001000011000000000000000000000000000
0000000000000000000001000000000000000000000000000000000000000000
0000000000000000000000000000000000000000000000000000000000000000
0000000000000000000000000000000000000000000000000000000000000000
0000000000000000000000000000000000000000000000000000000000000000
0000000000000000000000000000000000000000000000000000000000000000
0000000000000000000000000000000000000000000000000000000000000000
0000000000000000000000000000000000000000000000000000000000000000
0000000000000000000000000000000000000000000000000000000000000000
----
11111111111111111111111111111111111111111111111111111111111111111111111111111111111111111111111111001011111111111111111111111111
0000000000000000000000000000000000000000000000000000000000000000
0000000000000000000000000000000000000000000000000000000000000000
0000000000000000000000000000000000000000000000000000000000000000
0000000000000000000000000000000000000000000000000000000000000000
0000000000000000000000000000000000000000000000000000000100010000
0001000000000000000000000000000000000000000000010000010001100101
0000000000010000000000000000000000000000000001000000011010100010
0000000000000000000000000000000000000000000000100000001100011000
0000000000000000000000000001000000000000000000000000100000000000
0000000000000000000000010000100000000000000000000000000000000000
0000000000000000000000100010100000001000000000000000000000000000
0000000000000000000000000001000000000000000000000000000000000000
0000000000000000000000000000000000000000000000000000000000000000
0000000000000000000000000000000000000000000000000000000000000000
0000000000000000000000000000000000000000000000000000000000000000
0000000000000000000000000000000000000000000000000000000000000000
0000000000000000000000000000000000000000000000000000000000000000
0000000000000000000000000000000000000000000000000000000000000000
----
xxxx
11111111111111111111111111111111011110111111111111111110111111111111111111111111111111111111111111111111111111111111111111111111
0000000000000000000000000000000000000000000000000000000000000000
0000000000000000000000000000000000000000000000000000000000000000
0000000000000000000000000000000000000000000000000000000000000000
0000000000000000000000000000000000000000000000000000000000000000
0000000000000000000000000000000000000000000000000000000000000000
0000000001000000000000000000000000000000000000000000000101000000
1000010000000000011000000000000000000000000010000010100000100001
0001100000000000001000000010000000000000000000000010011000100000
0000000000000001000011000011000000000000000000100010001100011000
0000000000000010000110111100000000101000001000010001100000000000
0000000000000000000000001001111000000010000110000000000000000000
0000000000000000000001010010010000010000000000000000000000000000
0000000000000000000000000001100000000000000000000000000000000000
0000000000000000000000000000000000000000000000000000000000000000
0000000000000000000000000000000000000000000000000000000000000000
0000000000000000000000000000000000000000000000000000000000000000
0000000000000000000000000000000000000000000000000000000000000000
0000000000000000000000000000000000000000000000000000000000000000
0000000000000000000000000000000000000000000000000000000000000000
----
11111111111111111111111111111111111111111111111111111111111111111111111111111111111111111111111011111111101111111110111111111111
0000000000000000000000000000000000000000000000000000000000000000
0000000000000000000000000000000000000000000000000000000000000000
0000000000000000000000000000000000000000000000000000000000000000
0000000000000000000000000000000000000000000000000000000000000000
0000000000000000000000000000000000000000000000000000010000010010
0000000000000100000000000000000000000000000000000000000100101001
0001000000010000000001100000000000000000000000000100110000100111
0000000000000000000100110000000000001000000000100010001100011000
0000000000000000000101011100000000000110000000000001100000000000
0000000000000000001010101000101010100010000010000000000000000000
0000000000000000000000110010000000011000000000000000000000000000
0000000000000000000000000001100000000000000000000000000000000000
0000000000000000000000000000000000000000000000000000000000000000
0000000000000000000000000000000000000000000000000000000000000000
0000000000000000000000000000000000000000000000000000000000000000
0000000000000000000000000000000000000000000000000000000000000000
0000000000000000000000000000000000000000000000000000000000000000
0000000000000000000000000000000000000000000000000000000000000000
0000000000000000000000000000000000000000000000000000000000000000
----
xxxx
11111111111111111111111111111111111111111111111111111111111111111111111111111111111111111111101111111111111111111111110011111111
0000000000000000000000000000000000000000000000000000000000000000
0000000000000000000000000000000000000000000000000000000000000000
0000000000000000000000000000000000000000000000000000000000000000
0000000000000000000000000000000000000000000000000000000000000000
0101000000000001000000000000000000000000000000000000000000000000
0010100000100000000000010000000000000000000000001000000000000000
0001010111010100010100000100000100000000000100000100000001000001
1010111000000000101100000001000011000000000010100010100110101000
0001000000010000010010110110100000101010101000001011111010000010
0011000000000000100100100101101000001011111010000010111000000000
0000000000000000001001101010001010111010100010100000000000110000
0000000000000000000011010000000110101100000000000010000000000000
0000000000000001000000010000110000000000001000000000000000000000
0000000000000000000000000001100000000000000000000000000000000000
0000000000000000000000000010000000000000000000000000000000000000
0000000000000000000000000000000000000000000000000000000000000000
0000000000000000000000000000000000000000000000000000000000000000
0000000000000000000000000000000000000000000000000000000000000000
0000000000000000000000000000000000000000000000000000000000000000
0000000000000000000000000000000000000000000000000000000000000000
----
11111111111111111111111111111111011111111111111111111111111111111111111111111111111111111111011111111111111111101111111111111111
0000000000000000000000000000000000000000000000000000000000000000
0000000000000000000000000000000000000000000000000000000000000000
0000000000000000000000000000000000000000000000000000000000000000
0000000000000000000000000000000000000000000000000000000000000000
0100000000000000000000000000000000000000000000000100000000000000
0000000001000000000000000000000000000000000000000001001001001000
0001010000010000010000000000000000000000010000000100110100100101
0001000000010000000000000110000000000000000010011110110000100111
0000000000000000000011000010000000000000100011101010001000011000
0000000000000010000100110000100000101010001000110001100000000000
0000000000000000000000001000111010100010000110000000000000000000
0000000000000000000011010000010000010000000000000000000000000000
0000000000000000000000000001100000000000000000000000000000000000
0000000000000000000000000000000000000000000000000000000000000000
0000000000000000000000000000000000000000000000000000000000000000
0000000000000000000000000000000000000000000000000000000000000000
0000000000000000000000000000000000000000000000000000000000000000
0000000000000000000000000000000000000000000000000000000000000000
0000000000000000000000000000000000000000000000000000000000000000
0000000000000000000000000000000000000000000000000000000000000000
----
xxxx
11111111111111111111111111111111111111111111111111111111111111111111111111111111111111011111111111111111111111111111111111111111
0000000000000000000000000000000000000000000000000000000000000000
0000000000000000000000000000000000000000000000000000000000000000
0000000000000000000000000000000000000000000000000000000000000000
0000000000000000000000000000000000000000000000000000000000000000
0000000000000000000000000000000000000000000000000000000000000000
0000000000000000000000000000000000000000000000000000000000000000
0000000000000000000000000000000000000000000000000100000000000000
0000000000000000000000000000000000000000000110101000100001100000
0010000000000000000000000000000000000000001010000010101010101000
0001100000000000000000000000000000000000000001001011011010000010
0000000000000000000000000000000000000000001111101000001000011000
0000000000000000000000000000000000000001000010000000100000100000
0000000000000000000000000000000000000000000010000010000000000000
0000000000000000000000000000000000001000000000000000000000000000
0000000000000000000000000000000000000000000000000000000000000000
0000000000000000000000000000000000000000000000000000000000000000
0000000000000000000000000000000000000000000000000000000000000000
0000000000000000000000000000000000000000000000000000000000000000
0000000000000000000000000000000000000000000000000000000000000000
0000000000000000000000000000000000000000000000000000000000000000
0000000000000000000000000000000000000000000000000000000000000000
----
11111111111111111111111111111111111111111111111111111111111111111111111111111111111111110111111111111101111111111111111111111111
0000000000000000000000000000000000000000000000000000000000000000
0000000000000000000000000000000000000000000000000000000000000000
0000000000000000000000000000000000000000000000000000000000000000
0000000000000000000000000000000000000000000000000000000000000000
0000000000000000000000000000000000000000000000000100000000000000
0000000000000000000000000000000000000000000110000000000001000000
0000000000000000000000000000000000000000000011000100000000110000
1000000000100000000000000000000000000000000001110010000100111100
0000000000100000000000000000000000000100001000111001100011001110
0011000000000000000011000110000000000011100100001100111000000000
0000000000000000000001001110000000010001100010000000100000100000
0000000000000000000000111001100010001110000000000010000000000000
0000000000000000000000110000100000001000001000000000000000000000
0000000000000000000000000000100000100000000000000000000000000000
0000000000000000000000000000000000000000000000000000000000000000
0000000000000000000000000000000000000000000000000000000000000000
0000000000000000000000000000000000000000000000000000000000000000
0000000000000000000000000000000000000000000000000000000000000000
0000000000000000000000000000000000000000000000000000000000000000
0000000000000000000000000000000000000000000000000000000000000000
0000000000000000000000000000000000000000000000000000000000000000
----
xxxx
11111111111111111111111101111111111111111111111111111111111111111111111111111111111111111111111111111111111111111111111111111111
0000000000000000000000000000000000000000000000000000000000000000
0000000000000000000000000000000000000000000000000000000000000000
0000000000000000000000000000000000000000000000000000000000000000
0000000000000000000000000000000000000000000000000000000000000000
0000000000000000000000000000000000000000000000000000000000000000
0000000000000000000000000000000000000000000000000000000000000000
0000000000000000000000000000000000000000000000000000000000000000
0000000000000000000000000000000000000000000001000001000000000000
0010000000000000000000000000000000000000000010110010100000001000
0000000000000000000000000000000000000000000001110001000110001100
0000100000000000000000000000000000000000001000101010101010001000
0010000000000000000000000000000000000000000110011000110001000000
0000000000000000000001100001000000010000000011000100000000100000
0000000000000000000010000000101000001000000010000010000000000000
0000000000000000000000100000101000001000001000000000000000000000
0000000000000000000001000000000000000000000000000000000000000000
0000000000000000000000000000000000000000000000000000000000000000
0000000000000000000000000000000000000000000000000000000000000000
0000000000000000000000000000000000000000000000000000000000000000
0000000000000000000000000000000000000000000000000000000000000000
0000000000000000000000000000000000000000000000000000000000000000
0000000000000000000000000000000000000000000000000000000000000000
----
11111111111111111111111111111111111111111111111111111111111111111111111111111111111111111111101111111111111111111111111111111111
0000000000000000000000000000000000000000000000000000000000000000
0000000000000000000000000000000000000000000000000000000000000000
0000000000000000000000000000000000000000000000000000000000000000
0000000000000000000000000000000000000000000000000000000000000000
0000000000000000000000000000000000000000000000000000000000000000
0000000000000000000000000000000000000000000000000000000000000000
0000000000000000000000000000000000000000000000000000000010000000
1000000000000000000000000000000000000000000000000000100100100000
0011000000000000000000000000000000000000000000000100110001100101
0001000000010000110000000000000000000000000000011110110000100111
0000000000000001000000001100000000000000000000001010011000001000
0000000000000000000000010110000000100001100000000001110000000000
0000000000000000000000010000110100100000000010000000000000000000
0000000000000000000000110010100000001000000000000000000000000000
0000000000000000000000000001100000000000000000000000000000000000
0000000000000000000000000000000000000000000000000000000000000000
0000000000000000000000000000000000000000000000000000000000000000
0000000000000000000000000000000000000000000000000000000000000000
0000000000000000000000000000000000000000000000000000000000000000
0000000000000000000000000000000000000000000000000000000000000000
0000000000000000000000000000000000000000000000000000000000000000
0000000000000000000000000000000000000000000000000000000000000000
----
