xxxx
100000000000000000000000000000000000000000000000
000000000000000000000000
----
010000001000000000000000000000000000000000000000
000000000000000000000000
----
xxxx
010000001000000000000000000000000000000000000000
000000000000000000000000
000000000000000000000000
----
001000000100000010000000000000000000000000000000
000000000000000000000000
000000000000000000000000
----
xxxx
001000000100000010000000000000000000000000000000
000000000000000000000000
000000000000000000000000
000000000000000000000000
----
100100000011000001000000000000000000000000000000
000000000000000000000000
000000000000000000000000
000000000000000000000000
----
xxxx
100100000011000001000000000000000000000000000000
000000000000000000000000
000000000000000000000000
000000000000000000000000
000000000000000000000000
----
010000001001100000110000000010000000000001000000
000000000000000000000000
000000000000000000000000
000000000000000000000000
000000000000000000000000
----
xxxx
010000001001100000110000000010000000000001000000
000000000000000000000000
000000000000000000000000
000000000000000000000000
000000000000000000000000
000000000000000000000000
----
001100100100111000011100000000001000100000100000
000000000000000000000000
000000000000000000000000
000000000000000000000000
000000000000000000000000
000000000000000000000000
----
xxxx
001100100100111000011100000000001000100000100000
000000000000000000000000
000000000000000000000000
000000000000000000000000
000000000000000000000000
000000000000000000000000
000000000000000000000000
----
100110000011111101111110000000100100000000011000
000000000000000000000000
000000000000000000000000
000000000000000000000000
000000000000000000000000
000000000000000000000000
000000000000000000000000
----
xxxx
100110000011111101111110000000100100000000011000
000000000000000000000000
000000000000000000000000
000000000000000000000000
000000000000000000000000
000000000000000000000000
000000000000000000000000
000000000000000000000000
----
111011111101111111111111100010000010001000101000
000000000000000000000000
000000000000000000010000
000000000000000000000000
000000000000000000000000
000000000000000000000000
000000000000000000000000
000000000000000000000000
----
xxxx
111011111101111111111111100010000010001000101000
000000000000000000000000
000000000000000000010000
000000000000000000000000
000000000000000000000000
000000000000000000000000
000000000000000000000000
000000000000000000000000
000000000000000000000000
----
111111111111111111111111001010011110111001101011
000000000000000000000000
000000000000000000000000
000000000000000000000000
000000000000000000000000
000000000000000000000000
000000000000000000000000
000000000000000000000000
000000000000000000000000
----
xxxx
111111111111111111111111001010011110111001101011
000000000000000000000000
000000000000000000000000
000000000000000000000000
000000000000000000000000
000000000000000000000000
000000000000000000000000
000000000000000000000000
000000000000000000000000
000000000000000000000000
----
111111111111111111111111110101100111101110111110
000000000000000000000000
000000000100000000000000
000000000000000000000000
000000000000000000000000
000000000000000000000000
000000000000000000000000
000000000000000000000000
000000000000000000000000
000000000000000000000000
----
xxxx
111111111111111111111111110101100111101110111110
000000000000000000000000
000000000100000000000000
000000000000000000000000
000000000000000000000000
000000000000000000000000
000000000000000000000000
000000000000000000000000
000000000000000000000000
000000000000000000000000
000000000000000000000000
----
111111111111111111111111111110101011111110101111
000000000000000000000000
000000000000000000000000
000000000000001000100000
000000000000000000001010
000000000000000000010000
000000000000000000000000
000000000000000000000000
000000000000000000000000
000000000000000000000000
000000000000000000000000
----
xxxx
111111111111111111111111111110101011111110101111
000000000000000000000000
000000000000000000000000
000000000000001000100000
000000000000000000001010
000000000000000000010000
000000000000000000000000
000000000000000000000000
000000000000000000000000
000000000000000000000000
000000000000000000000000
000000000000000000000000
----
111111111111111111111111111111111111101111011101
000000000000000000000000
000000000000000000000000
000000000000000000000000
000011000000000000000000
000000000000000000001000
001000000000000000000000
000000000000000000000000
000000000000000000000000
000000000000000000000000
000000000000000000000000
000000000000000000000000
----
xxxx
111111111111111111111111111111111111101111011101
000000000000000000000000
000000000000000000000000
000000000000000000000000
000011000000000000000000
000000000000000000001000
001000000000000000000000
000000000000000000000000
000000000000000000000000
000000000000000000000000
000000000000000000000000
000000000000000000000000
000000000000000000000000
----
111111111111111111111111111101111111111111111110
000000000000000000000000
000000000000000000000000
000000000000000000000000
000000000000000000000000
000000000000000101000001
000000000000000000000000
000000000000000000010000
000000000000000000000000
000000000000000000000000
000000000000000000000000
000000000000000000000000
000000000000000000000000
----
xxxx
111111111111111111111111111101111111111111111110
000000000000000000000000
000000000000000000000000
000000000000000000000000
000000000000000000000000
000000000000000101000001
000000000000000000000000
000000000000000000010000
000000000000000000000000
000000000000000000000000
000000000000000000000000
000000000000000000000000
000000000000000000000000
000000000000000000000000
----
111111111111111111111111011111111111111111101111
000000000000000000000000
000000000000000000000000
000000000000000000000000
000000000000000000000000
000000010000110000000000
000000000110000100011100
000010000000000000111000
000000000000000000010000
000000000000000000000000
000000000000000000000000
000000000000000000000000
000000000000000000000000
000000000000000000000000
----
xxxx
111111111111111111111111011111111111111111101111
000000000000000000000000
000000000000000000000000
000000000000000000000000
000000000000000000000000
000000010000110000000000
000000000110000100011100
000010000000000000111000
000000000000000000010000
000000000000000000000000
000000000000000000000000
000000000000000000000000
000000000000000000000000
000000000000000000000000
000000000000000000000000
----
111111111111111111111111111111111111111111111011
000000000000000000000000
000000000000000000000000
000000000000000000000000
000000000000000000000000
000000000000000000000000
000000000000000010000000
110000000001000000010000
000000000000001000001000
001000000000000000000000
000000000000000000000000
000000000000000000000000
000000000000000000000000
000000000000000000000000
000000000000000000000000
----
xxxx
111111111111111111111111111111111111111111111011
000000000000000000000000
000000000000000000000000
000000000000000000000000
000000000000000000000000
000000000000000000000000
000000000000000010000000
110000000001000000010000
000000000000001000001000
001000000000000000000000
000000000000000000000000
000000000000000000000000
000000000000000000000000
000000000000000000000000
000000000000000000000000
000000000000000000000000
----
111111111111111111111111111111111111111011111111
000000000000000000000000
000000000000000000000000
000000000000000000000000
000000000000000000000000
000000000000000000000000
100000000010000000000000
011000000001110000000000
101010100000101010001000
010000000010000000001100
001000000000000000000000
000000000000000000000000
000000000000000000000000
000000000000000000000000
000000000000000000000000
000000000000000000000000
----
