xxxx
1000000000000000000000000000000000000000000000000000000000000000
00000000000000000000000000000000
----
1000010000000000000000000000000000000000000000000000000000000000
00000000000000000000000000000000
----
xxxx
1000010000000000000000000000000000000000000000000000000000000000
00000000000000000000000000000000
00000000000000000000000000000000
----
0000010000100000000000000000000010000000000000000000000000000000
00000000000000000000000000000000
00000000000000000000000000000000
----
xxxx
0000010000100000000000000000000010000000000000000000000000000000
00000000000000000000000000000000
00000000000000000000000000000000
00000000000000000000000000000000
----
1000011000110000000000000000000000000000000000000000000000000000
00000000000000000000000000000000
00000000000000000000000000000000
00000000000000000000000000000000
----
xxxx
1000011000110000000000000000000000000000000000000000000000000000
00000000000000000000000000000000
00000000000000000000000000000000
00000000000000000000000000000000
00000000000000000000000000000000
----
1000011000110001000010000000000000000000001000000000000000000000
00000000000000000000000000000000
00000000000000000000000000000000
00000000000000000000000000000000
00000000000000000000000000000000
----
xxxx
1000011000110001000010000000000000000000001000000000000000000000
00000000000000000000000000000000
00000000000000000000000000000000
00000000000000000000000000000000
00000000000000000000000000000000
00000000000000000000000000000000
----
0100011100111001100011000000000000000010001000000000000000000000
00000000000000000000000000000000
00000000000000000000000000000000
00000000000000000000000000000000
00000000000000000000000000000000
00000000000000000000000000000000
----
xxxx
0100011100111001100011000000000000000010001000000000000000000000
00000000000000000000000000000000
00000000000000000000000000000000
00000000000000000000000000000000
00000000000000000000000000000000
00000000000000000000000000000000
00000000000000000000000000000000
----
1000011110111101110011100100000000000100000100010000000000000000
00000000000000000000000000000000
00000000000000000000000000000000
00000000000000000000000000000000
00000000000000000000000000000000
00000000000000000000000000000000
00000000000000000000000000000000
----
xxxx
1000011110111101110011100100000000000100000100010000000000000000
00000000000000000000000000000000
00000000000000000000000000000000
00000000000000000000000000000000
00000000000000000000000000000000
00000000000000000000000000000000
00000000000000000000000000000000
00000000000000000000000000000000
----
1000011110111111110011100110001100000100001110000000110000000000
00000000000000000000000000000000
00000000000000001000000000000000
00000000000000000000000000000000
00000000000000000000000000000000
00000000000000000000000000000000
00000000000000000000000000000000
00000000000000000000000000000000
----
xxxx
1000011110111111110011100110001100000100001110000000110000000000
00000000000000000000000000000000
00000000000000001000000000000000
00000000000000000000000000000000
00000000000000000000000000000000
00000000000000000000000000000000
00000000000000000000000000000000
00000000000000000000000000000000
00000000000000000000000000000000
----
0101111111111111111011110111001100000011001101101100000001100000
00000000000000000000000000000000
00000000000000000000000000000000
00000000000000000000000000000000
00000000000000000000000000000000
00000000000000000000000000000000
00000000000000000000000000000000
00000000000000000000000000000000
00000000000000000000000000000000
----
xxxx
0101111111111111111011110111001100000011001101101100000001100000
00000000000000000000000000000000
00000000000000000000000000000000
00000000000000000000000000000000
00000000000000000000000000000000
00000000000000000000000000000000
00000000000000000000000000000000
00000000000000000000000000000000
00000000000000000000000000000000
00000000000000000000000000000000
----
1111111111111111111111111111101100000001101111111000101100100010
00000000000000000000000000000000
00000000000000000000000000000000
00000000001000001000000000000000
00000000000000000000000000000000
00000000001000000000000000000000
00000000000000000000000000000000
00000000000000000000000000000000
00000000000000000000000000000000
00000000000000000000000000000000
----
xxxx
1111111111111111111111111111101100000001101111111000101100100010
00000000000000000000000000000000
00000000000000000000000000000000
00000000001000001000000000000000
00000000000000000000000000000000
00000000001000000000000000000000
00000000000000000000000000000000
00000000000000000000000000000000
00000000000000000000000000000000
00000000000000000000000000000000
00000000000000000000000000000000
----
1111111111111111111111111111111111010011111101111100011111000001
00000000000000000000000000000000
00000000000000000000000001000000
00000000000000000000000000000000
00000000001000001000000000000000
00000000000100000000000000000000
00000000001000000000000000000000
00000000000000000000000000000000
00000000000000000000000000000000
00000000000000000000000000000000
00000000000000000000000000000000
----
xxxx
1111111111111111111111111111111111010011111101111100011111000001
00000000000000000000000000000000
00000000000000000000000001000000
00000000000000000000000000000000
00000000001000001000000000000000
00000000000100000000000000000000
00000000001000000000000000000000
00000000000000000000000000000000
00000000000000000000000000000000
00000000000000000000000000000000
00000000000000000000000000000000
00000000000000000000000000000000
----
1111111111111111111111111111111111111111111110111110011111100010
00000000000000000000000000000000
00000000000000000000000000000000
00000000000000000000000000000000
00000000000000000000000000000000
00000000001000001000000000000000
00000000000100010000000000000000
00000000000000000000000000000000
00000000000000000000000000000000
00000000000000000000000000000000
00000000000000000000000000000000
00000000000000000000000000000000
----
xxxx
1111111111111111111111111111111111111111111110111110011111100010
00000000000000000000000000000000
00000000000000000000000000000000
00000000000000000000000000000000
00000000000000000000000000000000
00000000001000001000000000000000
00000000000100010000000000000000
00000000000000000000000000000000
00000000000000000000000000000000
00000000000000000000000000000000
00000000000000000000000000000000
00000000000000000000000000000000
00000000000000000000000000000000
----
1111111111111111111111111111111111111111111101011111111101010111
00000000000000000000000000000000
00000000000000000000000000000000
00000000000000000000000000000000
00000000000000000010000001000000
00000001000100000000000000100000
00000000001100000000100000000000
00000000001000000000000000000000
00000000001000000000000000000000
00000000000000000000000000000000
00000000000000000000000000000000
00000000000000000000000000000000
00000000000000000000000000000000
----
xxxx
1111111111111111111111111111111111111111111101011111111101010111
00000000000000000000000000000000
00000000000000000000000000000000
00000000000000000000000000000000
00000000000000000010000001000000
00000001000100000000000000100000
00000000001100000000100000000000
00000000001000000000000000000000
00000000001000000000000000000000
00000000000000000000000000000000
00000000000000000000000000000000
00000000000000000000000000000000
00000000000000000000000000000000
00000000000000000000000000000000
----
1111111111111111111111111111111111111111111110111110111111011111
00000000000000000000000000000000
00000000000000000000000000000000
00000000000000000000000000000000
00000000000000000000000000000000
00000000000000000000000000000000
00000000000000000000000000000000
00000000001000001000000000000000
00000000001100000000000000000000
00000000001000000000000000000000
00000000000000000000000000000000
00000000000000000000000000000000
00000000000000000000000000000000
00000000000000000000000000000000
----
xxxx
1111111111111111111111111111111111111111111110111110111111011111
00000000000000000000000000000000
00000000000000000000000000000000
00000000000000000000000000000000
00000000000000000000000000000000
00000000000000000000000000000000
00000000000000000000000000000000
00000000001000001000000000000000
00000000001100000000000000000000
00000000001000000000000000000000
00000000000000000000000000000000
00000000000000000000000000000000
00000000000000000000000000000000
00000000000000000000000000000000
00000000000000000000000000000000
----
1111111111111111111111111111111111111111111111011111111011011111
00000000000000000000000000000000
00000000000000000000000000000000
00000000000000000000000000000000
10000000000000000000000010001000
00001000000000000000000000000010
10000000001000000000000000100010
00000000000110010000010001000000
00000000001000001000100000000000
00000010001000000000000000000000
00000000001000000000000000000000
00000000000000000000000000000000
00000000000000000000000000000000
00000000000000000000000000000000
00000000000000000000000000000000
----
xxxx
1111111111111111111111111111111111111111111111011111111011011111
00000000000000000000000000000000
00000000000000000000000000000000
00000000000000000000000000000000
10000000000000000000000010001000
00001000000000000000000000000010
10000000001000000000000000100010
00000000000110010000010001000000
00000000001000001000100000000000
00000010001000000000000000000000
00000000001000000000000000000000
00000000000000000000000000000000
00000000000000000000000000000000
00000000000000000000000000000000
00000000000000000000000000000000
00000000000000000000000000000000
----
1111111111111111111111111111111111111111111111111011111101111111
00000000000000000000000000000000
00000000000000000000000000000000
00000000000000000000000000000000
00000000000000000000000000000000
00110000000000000000000000010000
00000101000000000000000000011011
00000000001010000010001000000010
00000001001000000000000000000000
00000010001010001000000000000000
00000010000000010000000000000000
00000000001000000000000000000000
00000000000000000000000000000000
00000000000000000000000000000000
00000000000000000000000000000000
00000000000000000000000000000000
----
xxxx
1111111111111111111111111111111111111111111111111011111101111111
00000000000000000000000000000000
00000000000000000000000000000000
00000000000000000000000000000000
00000000000000000000000000000000
00110000000000000000000000010000
00000101000000000000000000011011
00000000001010000010001000000010
00000001001000000000000000000000
00000010001010001000000000000000
00000010000000010000000000000000
00000000001000000000000000000000
00000000000000000000000000000000
00000000000000000000000000000000
00000000000000000000000000000000
00000000000000000000000000000000
00000000000000000000000000000000
----
1111111111111111111111111111111111111111111111111111111101011111
00000000000000000000000000000000
00000000000000000000000000000000
00000000000000000000000000000000
00100000000000000000000000000000
10010000010000000000000000000000
01110100010010000000000000000001
00010011010001000001000000000001
00010101000101110100000000000000
00000000001100000100010001000000
00000000001100000000100000000000
00000010001000000000000000000000
00000000001000000000000000000000
00000000000000000000000000000000
00000000000000000000000000000000
00000000000000000000000000000000
00000000000000000000000000000000
----
xxxx
1111111111111111111111111111111111111111111111111111111101011111
00000000000000000000000000000000
00000000000000000000000000000000
00000000000000000000000000000000
00100000000000000000000000000000
10010000010000000000000000000000
01110100010010000000000000000001
00010011010001000001000000000001
00010101000101110100000000000000
00000000001100000100010001000000
00000000001100000000100000000000
00000010001000000000000000000000
00000000001000000000000000000000
00000000000000000000000000000000
00000000000000000000000000000000
00000000000000000000000000000000
00000000000000000000000000000000
00000000000000000000000000000000
----
1111111111111111111111111111111111111111111111110111111111111111
00000000000000000000000000000000
00000000000000000000000000000000
00000000000000000000000000000000
00000000000000000000000000000000
00000000000000000000000000000000
00000000000000000000000000010001
00000000000000000000000100010001
10000000000000000000000100010000
00000001000000000000000000010010
00000011000000010000010001000000
00000001001100000000100000000000
00000000000100000000000000000000
00000000001000000000000000000000
00000000000000000000000000000000
00000000000000000000000000000000
00000000000000000000000000000000
00000000000000000000000000000000
----
xxxx
1111111111111111111111111111111111111111111111110111111111111111
00000000000000000000000000000000
00000000000000000000000000000000
00000000000000000000000000000000
00000000000000000000000000000000
00000000000000000000000000000000
00000000000000000000000000010001
00000000000000000000000100010001
10000000000000000000000100010000
00000001000000000000000000010010
00000011000000010000010001000000
00000001001100000000100000000000
00000000000100000000000000000000
00000000001000000000000000000000
00000000000000000000000000000000
00000000000000000000000000000000
00000000000000000000000000000000
00000000000000000000000000000000
00000000000000000000000000000000
----
1111111111111111011111111111111111111111111111111111111111111111
00000000000000000000000000000000
00000000000000000000000000000000
00000000000000000000000000000000
00000000000000000000000000000000
00000000000000000000000000000000
00000000000000000000000000100000
00000000000000000000000000110000
00001000000000000000000000110000
00000100000000000000000100110000
00000100001000000000000000110000
00000000000100000100010001000000
00000001001000000000100000000000
00000000001000001000000000000000
00000000001000000000000000000000
00000000000000000000000000000000
00000000000000000000000000000000
00000000000000000000000000000000
00000000000000000000000000000000
----
