xxxx
10000000000000000000000000000000
0000000000000000
----
10000100000000000000000000000000
0000000000000000
----
xxxx
10000100000000000000000000000000
0000000000000000
0000000000000000
----
00000100001000001000000000000000
0000000000000000
0000000000000000
----
xxxx
00000100001000001000000000000000
0000000000000000
0000000000000000
0000000000000000
----
10000110001100000000000000000000
0000000000000000
0000000000000000
0000000000000000
----
xxxx
10000110001100000000000000000000
0000000000000000
0000000000000000
0000000000000000
0000000000000000
----
10001110001100010000000000100000
0000000000000000
0000000000000000
0000000000000000
0000000000000000
----
xxxx
10001110001100010000000000100000
0000000000000000
0000000000000000
0000000000000000
0000000000000000
0000000000000000
----
11001011011110010000011000000001
0000000000000000
0000000000000000
0000000000000000
0000000000000000
0000000000000000
----
xxxx
11001011011110010000011000000001
0000000000000000
0000000000000000
0000000000000000
0000000000000000
0000000000000000
0000000000000000
----
11101111111111110000100000110000
0000000000000000
0000000000000000
0000000000000000
0000000000000000
0000000000000000
0000000000000000
----
xxxx
11101111111111110000100000110000
0000000000000000
0000000000000000
0000000000000000
0000000000000000
0000000000000000
0000000000000000
0000000000000000
----
11111111111111110000111010011011
0000000000000000
0000000000000000
0000000000000000
0000000000000000
0000000000000000
0000000000000000
0000000000000000
----
xxxx
11111111111111110000111010011011
0000000000000000
0000000000000000
0000000000000000
0000000000000000
0000000000000000
0000000000000000
0000000000000000
0000000000000000
----
11111111111111111000111110111110
0000000000000000
0000000000000000
0000100000000000
0000000000000000
0000000000000000
0000000000000000
0000000000000000
0000000000000000
----
xxxx
11111111111111111000111110111110
0000000000000000
0000000000000000
0000100000000000
0000000000000000
0000000000000000
0000000000000000
0000000000000000
0000000000000000
0000000000000000
----
11111111111111111111111111010101
0000000000000000
0000000000000000
0000000000000000
0000100000000000
0000000000000000
0000000000000000
0000000000000000
0000000000000000
0000000000000000
----
xxxx
11111111111111111111111111010101
0000000000000000
0000000000000000
0000000000000000
0000100000000000
0000000000000000
0000000000000000
0000000000000000
0000000000000000
0000000000000000
0000000000000000
----
11111111111111111111111111101101
0000000000000000
0000000000000000
0000000000000000
0100000000000000
0000100000000000
0000000000000000
0000000000000000
0000000000000000
0000000000000000
0000000000000000
----
xxxx
11111111111111111111111111101101
0000000000000000
0000000000000000
0000000000000000
0100000000000000
0000100000000000
0000000000000000
0000000000000000
0000000000000000
0000000000000000
0000000000000000
0000000000000000
----
11111111111111111111101110111111
0000000000000000
0000000000000000
0000000000000010
0001000000100000
0000010000000001
0000100000010000
0000000000000000
0000000000000000
0000000000000000
0000000000000000
0000000000000000
----
xxxx
11111111111111111111101110111111
0000000000000000
0000000000000000
0000000000000010
0001000000100000
0000010000000001
0000100000010000
0000000000000000
0000000000000000
0000000000000000
0000000000000000
0000000000000000
0000000000000000
----
11111111111111111111011111111111
0000000000000000
0000000000000000
0000000000000000
0000000000000000
0000000000000000
0000000000010001
0000100000010000
0000000000000000
0000000000000000
0000000000000000
0000000000000000
0000000000000000
----
xxxx
11111111111111111111011111111111
0000000000000000
0000000000000000
0000000000000000
0000000000000000
0000000000000000
0000000000010001
0000100000010000
0000000000000000
0000000000000000
0000000000000000
0000000000000000
0000000000000000
0000000000000000
----
11111111111111111111111111110111
0000000000000000
0000000000000000
0000000000000000
0000000000000000
0000001000010000
0100000100000000
0000010100010100
0000100000110000
0000000000000001
0000000000000000
0000000000000000
0000000000000000
0000000000000000
----
