xxxx
100000000000000000000000000000000000000000000000
000000000000000000000000
----
100001000000000000000000000000000000000000000000
000000000000000000000000
----
xxxx
100001000000000000000000000000000000000000000000
000000000000000000000000
000000000000000000000000
----
000001000010000000000000100000000000000000000000
000000000000000000000000
000000000000000000000000
----
xxxx
000001000010000000000000100000000000000000000000
000000000000000000000000
000000000000000000000000
000000000000000000000000
----
100001100011000000000000000000000000000000000000
000000000000000000000000
000000000000000000000000
000000000000000000000000
----
xxxx
100001100011000000000000000000000000000000000000
000000000000000000000000
000000000000000000000000
000000000000000000000000
000000000000000000000000
----
100001100011000100001000000000000010000000000000
000000000000000000000000
000000000000000000000000
000000000000000000000000
000000000000000000000000
----
xxxx
100001100011000100001000000000000010000000000000
000000000000000000000000
000000000000000000000000
000000000000000000000000
000000000000000000000000
000000000000000000000000
----
010001110011100110001100000000100010000000000000
000000000000000000000000
000000000000000000000000
000000000000000000000000
000000000000000000000000
000000000000000000000000
----
xxxx
010001110011100110001100000000100010000000000000
000000000000000000000000
000000000000000000000000
000000000000000000000000
000000000000000000000000
000000000000000000000000
000000000000000000000000
----
110001111011110111001110000001000001000100000000
000000000000000000000000
000000000000000000000000
000000000000000000000000
000000000000000000000000
000000000000000000000000
000000000000000000000000
----
xxxx
110001111011110111001110000001000001000100000000
000000000000000000000000
000000000000000000000000
000000000000000000000000
000000000000000000000000
000000000000000000000000
000000000000000000000000
000000000000000000000000
----
111001111011111111001110001001100010100010001000
000000000000000000000000
000000000000000010000000
000000000000000000000000
000000000000000000000000
000000000000000000000000
000000000000000000000000
000000000000000000000000
----
xxxx
111001111011111111001110001001100010100010001000
000000000000000000000000
000000000000000010000000
000000000000000000000000
000000000000000000000000
000000000000000000000000
000000000000000000000000
000000000000000000000000
000000000000000000000000
----
111111111011111111111111011001010011010111000000
000000000000000000000000
000000000000000000000000
000001000001000000000000
000000000000000000000000
000000000000000000000000
000000000000000000000000
000000000000000000000000
000000000000000000000000
----
xxxx
111111111011111111111111011001010011010111000000
000000000000000000000000
000000000000000000000000
000001000001000000000000
000000000000000000000000
000000000000000000000000
000000000000000000000000
000000000000000000000000
000000000000000000000000
000000000000000000000000
----
111111111111111111111111101101110101111101001101
000000000000000000000000
000000000000000000000000
000001000000000000000000
000000000000000000000000
000000000000000000000000
000000000000000000000000
000000000000000000000000
000000000000000000000000
000000000000000000000000
----
xxxx
111111111111111111111111101101110101111101001101
000000000000000000000000
000000000000000000000000
000001000000000000000000
000000000000000000000000
000000000000000000000000
000000000000000000000000
000000000000000000000000
000000000000000000000000
000000000000000000000000
000000000000000000000000
----
111111111111111111101111111101111111111001011101
000000000000000000000000
000000000000000000000001
000000000000000000000000
000001000000000000000000
000000000000000000000000
000000000000000000000000
000000000000000000000000
000000000000000000000000
000000000000000000000000
000000000000000000000000
----
xxxx
111111111111111111101111111101111111111001011101
000000000000000000000000
000000000000000000000001
000000000000000000000000
000001000000000000000000
000000000000000000000000
000000000000000000000000
000000000000000000000000
000000000000000000000000
000000000000000000000000
000000000000000000000000
000000000000000000000000
----
111111111111111111111111110011111111111011011111
000000000000000000000000
000000000000000000000000
000000010000000000000000
000000000000100000000000
000000000000100000001000
000000000001000000000000
000000000000000000000000
000000000000000000000000
000000000000000000000000
000000000000000000000000
000000000000000000000000
----
xxxx
111111111111111111111111110011111111111011011111
000000000000000000000000
000000000000000000000000
000000010000000000000000
000000000000100000000000
000000000000100000001000
000000000001000000000000
000000000000000000000000
000000000000000000000000
000000000000000000000000
000000000000000000000000
000000000000000000000000
000000000000000000000000
----
111111111111111111111111111111111101111101111110
000000000000000000000000
000000000000000000000000
000000000000000000000000
000000000000000000001000
000000010010000000001000
000001000001100100000000
000001000001000000000000
000000000000000000000000
000000000000000000000000
000000000000000000000000
000000000000000000000000
000000000000000000000000
----
xxxx
111111111111111111111111111111111101111101111110
000000000000000000000000
000000000000000000000000
000000000000000000000000
000000000000000000001000
000000010010000000001000
000001000001100100000000
000001000001000000000000
000000000000000000000000
000000000000000000000000
000000000000000000000000
000000000000000000000000
000000000000000000000000
000000000000000000000000
----
111111111111111111111111111011111111111110111111
000000000000000000000000
000000000000000000000000
000000000000000000000000
000000000000000000000000
000000000000000000000000
000000000000000000000000
000001000000000100000000
000001000001000100000000
000000000000000000000000
000000000000000000000000
000000000000000000000000
000000000000000000000000
000000000000000000000000
----
xxxx
111111111111111111111111111011111111111110111111
000000000000000000000000
000000000000000000000000
000000000000000000000000
000000000000000000000000
000000000000000000000000
000000000000000000000000
000001000000000100000000
000001000001000100000000
000000000000000000000000
000000000000000000000000
000000000000000000000000
000000000000000000000000
000000000000000000000000
000000000000000000000000
----
111111111111111111111111101111111111111110111111
000000000000000000000000
000000000000000000000000
000000000000000000000000
000000100000000000000000
000010010000000010000010
001000101000100010000000
001000100010100010000010
000000100010100000001000
000000000001000000000000
000000000010000000000000
000000000000000000000000
000000000000000000000000
000000000000000000000000
000000000000000000000000
----
xxxx
111111111111111111111111101111111111111110111111
000000000000000000000000
000000000000000000000000
000000000000000000000000
000000100000000000000000
000010010000000010000010
001000101000100010000000
001000100010100010000010
000000100010100000001000
000000000001000000000000
000000000010000000000000
000000000000000000000000
000000000000000000000000
000000000000000000000000
000000000000000000000000
000000000000000000000000
----
111111111111111111111111111111111011111111111111
000000000000000000000000
000000000000000000000000
000000000000000000000000
000000000000000000000000
000000000000000000000000
000000000000000000000000
000000000000000000001000
010000000010000000000100
000000000010000010001000
000000000010000000000000
000000000010000000000000
000000000000000000000000
000000000000000000000000
000000000000000000000000
000000000000000000000000
----
xxxx
111111111111111111111111111111111011111111111111
000000000000000000000000
000000000000000000000000
000000000000000000000000
000000000000000000000000
000000000000000000000000
000000000000000000000000
000000000000000000001000
010000000010000000000100
000000000010000010001000
000000000010000000000000
000000000010000000000000
000000000000000000000000
000000000000000000000000
000000000000000000000000
000000000000000000000000
000000000000000000000000
----
111011111111111111111111111111111111111111111111
000000000000000000000000
000000000000000000000000
000000000000000000000000
000000000000000000000000
000000000000000000000000
000000000000000000000000
000000001000001000000000
000000001000001100000000
000000000001000000000000
000000100000000010001000
000000000011000100000000
000000000000000000000000
000000000000000000000000
000000000000000000000000
000000000000000000000000
000000000000000000000000
----
